1
2
3
4
5
6
7
9
12
14
15
16
17
18
19
20
21
22
23
24
25
26
27
28
30
31
32
33
34
36
37
38
39
40
43
44
45
46
48
49
50
51
52
54
55
56
57
58
60
61
62
63
64
66
67
68
69
70
71
73
74
75
76
77
78
79
81
86
87
88
89
90
92
93
94
95
97
98
99
100
107
108
159
162
166
167
184
185
186
187
188
189
190
192
194
199
200
201
202
203
204
205
206
370
374
375
376
382
383
426
427
462
474
488
508
514
518
660
661
662
663
664
669
674
689
711
712
713
714
715
716
717
718
719
720
768
788
794
798
799
800
810
823
920
945
964
966
1061
1148
1175
1180
1181
1183
1184
1216
1249
1288
1331
1333
1367
1379
1380
1395
1462
1477
1480
1554
1569
1599
1757
1764
1819
1821
2081
2241
3106
8338
10243
10247
10257
10261
35045
50317
53743
54354
76497
78305
88104
88199
93842
286023
286195
305992
329929
421650
421654
461193
461236
489220
489446
493341
493850
497589
497590
499779
500891
526752
529085
553308
554291
578719
643819
644390
651037
652094
652159
664098
665844
667430
669891
670889
698530
698533
699134
699135
700910
702028
703983
703984
706541
709045
714204
714718
715054
744592
751519
751525
753175
753548
761330
765675
768701
770693
772504
773141
774063
774526
775621
776151
777060
777520
778388
778778
780793
781054
781333
781384
782056
782105
782389
782531
783806
784704
785598
787111
788307
788739
789708
792267
792296
792736
795491
798535
798789
799012
799233
799651
801879
802229
803756
803896
804701
804787
807088
809342
809426
810103
811256
811729
817502
821485
822821
822822
